# savg-sphere: requested 128 polygons, providing 128 
polygon
0.382683 0.000000 0.923880 0.382683 0.000000 0.923880
-0.000000 0.382683 0.923880 -0.000000 0.382683 0.923880
0.000000 0.000000 1.000000 0.000000 0.000000 1.000000
polygon
-0.000000 0.382683 0.923880 -0.000000 0.382683 0.923880
-0.382683 -0.000000 0.923880 -0.382683 -0.000000 0.923880
0.000000 0.000000 1.000000 0.000000 0.000000 1.000000
polygon
-0.382683 -0.000000 0.923880 -0.382683 -0.000000 0.923880
0.000000 -0.382683 0.923880 0.000000 -0.382683 0.923880
0.000000 0.000000 1.000000 0.000000 0.000000 1.000000
polygon
0.000000 -0.382683 0.923880 0.000000 -0.382683 0.923880
0.382683 0.000000 0.923880 0.382683 0.000000 0.923880
0.000000 0.000000 1.000000 0.000000 0.000000 1.000000
polygon
0.707107 0.000000 0.707107 0.707107 0.000000 0.707107
0.500000 0.500000 0.707107 0.500000 0.500000 0.707107
0.382683 0.000000 0.923880 0.382683 0.000000 0.923880
polygon
0.382683 0.000000 0.923880 0.382683 0.000000 0.923880
0.500000 0.500000 0.707107 0.500000 0.500000 0.707107
-0.000000 0.382683 0.923880 -0.000000 0.382683 0.923880
polygon
0.500000 0.500000 0.707107 0.500000 0.500000 0.707107
-0.000000 0.707107 0.707107 -0.000000 0.707107 0.707107
-0.000000 0.382683 0.923880 -0.000000 0.382683 0.923880
polygon
-0.000000 0.707107 0.707107 -0.000000 0.707107 0.707107
-0.500000 0.500000 0.707107 -0.500000 0.500000 0.707107
-0.000000 0.382683 0.923880 -0.000000 0.382683 0.923880
polygon
-0.000000 0.382683 0.923880 -0.000000 0.382683 0.923880
-0.500000 0.500000 0.707107 -0.500000 0.500000 0.707107
-0.382683 -0.000000 0.923880 -0.382683 -0.000000 0.923880
polygon
-0.500000 0.500000 0.707107 -0.500000 0.500000 0.707107
-0.707107 -0.000000 0.707107 -0.707107 -0.000000 0.707107
-0.382683 -0.000000 0.923880 -0.382683 -0.000000 0.923880
polygon
-0.707107 -0.000000 0.707107 -0.707107 -0.000000 0.707107
-0.500000 -0.500000 0.707107 -0.500000 -0.500000 0.707107
-0.382683 -0.000000 0.923880 -0.382683 -0.000000 0.923880
polygon
-0.382683 -0.000000 0.923880 -0.382683 -0.000000 0.923880
-0.500000 -0.500000 0.707107 -0.500000 -0.500000 0.707107
0.000000 -0.382683 0.923880 0.000000 -0.382683 0.923880
polygon
-0.500000 -0.500000 0.707107 -0.500000 -0.500000 0.707107
0.000000 -0.707107 0.707107 0.000000 -0.707107 0.707107
0.000000 -0.382683 0.923880 0.000000 -0.382683 0.923880
polygon
0.000000 -0.707107 0.707107 0.000000 -0.707107 0.707107
0.500000 -0.500000 0.707107 0.500000 -0.500000 0.707107
0.000000 -0.382683 0.923880 0.000000 -0.382683 0.923880
polygon
0.000000 -0.382683 0.923880 0.000000 -0.382683 0.923880
0.500000 -0.500000 0.707107 0.500000 -0.500000 0.707107
0.382683 0.000000 0.923880 0.382683 0.000000 0.923880
polygon
0.500000 -0.500000 0.707107 0.500000 -0.500000 0.707107
0.707107 0.000000 0.707107 0.707107 0.000000 0.707107
0.382683 0.000000 0.923880 0.382683 0.000000 0.923880
polygon
0.923880 0.000000 0.382683 0.923880 0.000000 0.382683
0.800103 0.461940 0.382683 0.800103 0.461940 0.382683
0.707107 0.000000 0.707107 0.707107 0.000000 0.707107
polygon
0.707107 0.000000 0.707107 0.707107 0.000000 0.707107
0.800103 0.461940 0.382683 0.800103 0.461940 0.382683
0.500000 0.500000 0.707107 0.500000 0.500000 0.707107
polygon
0.800103 0.461940 0.382683 0.800103 0.461940 0.382683
0.461940 0.800103 0.382683 0.461940 0.800103 0.382683
0.500000 0.500000 0.707107 0.500000 0.500000 0.707107
polygon
0.500000 0.500000 0.707107 0.500000 0.500000 0.707107
0.461940 0.800103 0.382683 0.461940 0.800103 0.382683
-0.000000 0.707107 0.707107 -0.000000 0.707107 0.707107
polygon
0.461940 0.800103 0.382683 0.461940 0.800103 0.382683
-0.000000 0.923880 0.382683 -0.000000 0.923880 0.382683
-0.000000 0.707107 0.707107 -0.000000 0.707107 0.707107
polygon
-0.000000 0.923880 0.382683 -0.000000 0.923880 0.382683
-0.461940 0.800103 0.382683 -0.461940 0.800103 0.382683
-0.000000 0.707107 0.707107 -0.000000 0.707107 0.707107
polygon
-0.000000 0.707107 0.707107 -0.000000 0.707107 0.707107
-0.461940 0.800103 0.382683 -0.461940 0.800103 0.382683
-0.500000 0.500000 0.707107 -0.500000 0.500000 0.707107
polygon
-0.461940 0.800103 0.382683 -0.461940 0.800103 0.382683
-0.800103 0.461940 0.382683 -0.800103 0.461940 0.382683
-0.500000 0.500000 0.707107 -0.500000 0.500000 0.707107
polygon
-0.500000 0.500000 0.707107 -0.500000 0.500000 0.707107
-0.800103 0.461940 0.382683 -0.800103 0.461940 0.382683
-0.707107 -0.000000 0.707107 -0.707107 -0.000000 0.707107
polygon
-0.800103 0.461940 0.382683 -0.800103 0.461940 0.382683
-0.923880 -0.000000 0.382683 -0.923880 -0.000000 0.382683
-0.707107 -0.000000 0.707107 -0.707107 -0.000000 0.707107
polygon
-0.923880 -0.000000 0.382683 -0.923880 -0.000000 0.382683
-0.800103 -0.461940 0.382683 -0.800103 -0.461940 0.382683
-0.707107 -0.000000 0.707107 -0.707107 -0.000000 0.707107
polygon
-0.707107 -0.000000 0.707107 -0.707107 -0.000000 0.707107
-0.800103 -0.461940 0.382683 -0.800103 -0.461940 0.382683
-0.500000 -0.500000 0.707107 -0.500000 -0.500000 0.707107
polygon
-0.800103 -0.461940 0.382683 -0.800103 -0.461940 0.382683
-0.461940 -0.800103 0.382683 -0.461940 -0.800103 0.382683
-0.500000 -0.500000 0.707107 -0.500000 -0.500000 0.707107
polygon
-0.500000 -0.500000 0.707107 -0.500000 -0.500000 0.707107
-0.461940 -0.800103 0.382683 -0.461940 -0.800103 0.382683
0.000000 -0.707107 0.707107 0.000000 -0.707107 0.707107
polygon
-0.461940 -0.800103 0.382683 -0.461940 -0.800103 0.382683
0.000000 -0.923880 0.382683 0.000000 -0.923880 0.382683
0.000000 -0.707107 0.707107 0.000000 -0.707107 0.707107
polygon
0.000000 -0.923880 0.382683 0.000000 -0.923880 0.382683
0.461940 -0.800103 0.382683 0.461940 -0.800103 0.382683
0.000000 -0.707107 0.707107 0.000000 -0.707107 0.707107
polygon
0.000000 -0.707107 0.707107 0.000000 -0.707107 0.707107
0.461940 -0.800103 0.382683 0.461940 -0.800103 0.382683
0.500000 -0.500000 0.707107 0.500000 -0.500000 0.707107
polygon
0.461940 -0.800103 0.382683 0.461940 -0.800103 0.382683
0.800103 -0.461940 0.382683 0.800103 -0.461940 0.382683
0.500000 -0.500000 0.707107 0.500000 -0.500000 0.707107
polygon
0.500000 -0.500000 0.707107 0.500000 -0.500000 0.707107
0.800103 -0.461940 0.382683 0.800103 -0.461940 0.382683
0.707107 0.000000 0.707107 0.707107 0.000000 0.707107
polygon
0.800103 -0.461940 0.382683 0.800103 -0.461940 0.382683
0.923880 0.000000 0.382683 0.923880 0.000000 0.382683
0.707107 0.000000 0.707107 0.707107 0.000000 0.707107
polygon
1.000000 0.000000 -0.000000 1.000000 0.000000 -0.000000
0.923880 0.382683 -0.000000 0.923880 0.382683 -0.000000
0.923880 0.000000 0.382683 0.923880 0.000000 0.382683
polygon
0.923880 0.000000 0.382683 0.923880 0.000000 0.382683
0.923880 0.382683 -0.000000 0.923880 0.382683 -0.000000
0.800103 0.461940 0.382683 0.800103 0.461940 0.382683
polygon
0.923880 0.382683 -0.000000 0.923880 0.382683 -0.000000
0.707107 0.707107 -0.000000 0.707107 0.707107 -0.000000
0.800103 0.461940 0.382683 0.800103 0.461940 0.382683
polygon
0.800103 0.461940 0.382683 0.800103 0.461940 0.382683
0.707107 0.707107 -0.000000 0.707107 0.707107 -0.000000
0.461940 0.800103 0.382683 0.461940 0.800103 0.382683
polygon
0.707107 0.707107 -0.000000 0.707107 0.707107 -0.000000
0.382683 0.923880 -0.000000 0.382683 0.923880 -0.000000
0.461940 0.800103 0.382683 0.461940 0.800103 0.382683
polygon
0.461940 0.800103 0.382683 0.461940 0.800103 0.382683
0.382683 0.923880 -0.000000 0.382683 0.923880 -0.000000
-0.000000 0.923880 0.382683 -0.000000 0.923880 0.382683
polygon
0.382683 0.923880 -0.000000 0.382683 0.923880 -0.000000
-0.000000 1.000000 -0.000000 -0.000000 1.000000 -0.000000
-0.000000 0.923880 0.382683 -0.000000 0.923880 0.382683
polygon
-0.000000 1.000000 -0.000000 -0.000000 1.000000 -0.000000
-0.382684 0.923880 -0.000000 -0.382684 0.923880 -0.000000
-0.000000 0.923880 0.382683 -0.000000 0.923880 0.382683
polygon
-0.000000 0.923880 0.382683 -0.000000 0.923880 0.382683
-0.382684 0.923880 -0.000000 -0.382684 0.923880 -0.000000
-0.461940 0.800103 0.382683 -0.461940 0.800103 0.382683
polygon
-0.382684 0.923880 -0.000000 -0.382684 0.923880 -0.000000
-0.707107 0.707107 -0.000000 -0.707107 0.707107 -0.000000
-0.461940 0.800103 0.382683 -0.461940 0.800103 0.382683
polygon
-0.461940 0.800103 0.382683 -0.461940 0.800103 0.382683
-0.707107 0.707107 -0.000000 -0.707107 0.707107 -0.000000
-0.800103 0.461940 0.382683 -0.800103 0.461940 0.382683
polygon
-0.707107 0.707107 -0.000000 -0.707107 0.707107 -0.000000
-0.923880 0.382683 -0.000000 -0.923880 0.382683 -0.000000
-0.800103 0.461940 0.382683 -0.800103 0.461940 0.382683
polygon
-0.800103 0.461940 0.382683 -0.800103 0.461940 0.382683
-0.923880 0.382683 -0.000000 -0.923880 0.382683 -0.000000
-0.923880 -0.000000 0.382683 -0.923880 -0.000000 0.382683
polygon
-0.923880 0.382683 -0.000000 -0.923880 0.382683 -0.000000
-1.000000 -0.000000 -0.000000 -1.000000 -0.000000 -0.000000
-0.923880 -0.000000 0.382683 -0.923880 -0.000000 0.382683
polygon
-1.000000 -0.000000 -0.000000 -1.000000 -0.000000 -0.000000
-0.923880 -0.382683 -0.000000 -0.923880 -0.382683 -0.000000
-0.923880 -0.000000 0.382683 -0.923880 -0.000000 0.382683
polygon
-0.923880 -0.000000 0.382683 -0.923880 -0.000000 0.382683
-0.923880 -0.382683 -0.000000 -0.923880 -0.382683 -0.000000
-0.800103 -0.461940 0.382683 -0.800103 -0.461940 0.382683
polygon
-0.923880 -0.382683 -0.000000 -0.923880 -0.382683 -0.000000
-0.707107 -0.707107 -0.000000 -0.707107 -0.707107 -0.000000
-0.800103 -0.461940 0.382683 -0.800103 -0.461940 0.382683
polygon
-0.800103 -0.461940 0.382683 -0.800103 -0.461940 0.382683
-0.707107 -0.707107 -0.000000 -0.707107 -0.707107 -0.000000
-0.461940 -0.800103 0.382683 -0.461940 -0.800103 0.382683
polygon
-0.707107 -0.707107 -0.000000 -0.707107 -0.707107 -0.000000
-0.382683 -0.923880 -0.000000 -0.382683 -0.923880 -0.000000
-0.461940 -0.800103 0.382683 -0.461940 -0.800103 0.382683
polygon
-0.461940 -0.800103 0.382683 -0.461940 -0.800103 0.382683
-0.382683 -0.923880 -0.000000 -0.382683 -0.923880 -0.000000
0.000000 -0.923880 0.382683 0.000000 -0.923880 0.382683
polygon
-0.382683 -0.923880 -0.000000 -0.382683 -0.923880 -0.000000
0.000000 -1.000000 -0.000000 0.000000 -1.000000 -0.000000
0.000000 -0.923880 0.382683 0.000000 -0.923880 0.382683
polygon
0.000000 -1.000000 -0.000000 0.000000 -1.000000 -0.000000
0.382684 -0.923879 -0.000000 0.382684 -0.923879 -0.000000
0.000000 -0.923880 0.382683 0.000000 -0.923880 0.382683
polygon
0.000000 -0.923880 0.382683 0.000000 -0.923880 0.382683
0.382684 -0.923879 -0.000000 0.382684 -0.923879 -0.000000
0.461940 -0.800103 0.382683 0.461940 -0.800103 0.382683
polygon
0.382684 -0.923879 -0.000000 0.382684 -0.923879 -0.000000
0.707107 -0.707107 -0.000000 0.707107 -0.707107 -0.000000
0.461940 -0.800103 0.382683 0.461940 -0.800103 0.382683
polygon
0.461940 -0.800103 0.382683 0.461940 -0.800103 0.382683
0.707107 -0.707107 -0.000000 0.707107 -0.707107 -0.000000
0.800103 -0.461940 0.382683 0.800103 -0.461940 0.382683
polygon
0.707107 -0.707107 -0.000000 0.707107 -0.707107 -0.000000
0.923880 -0.382683 -0.000000 0.923880 -0.382683 -0.000000
0.800103 -0.461940 0.382683 0.800103 -0.461940 0.382683
polygon
0.800103 -0.461940 0.382683 0.800103 -0.461940 0.382683
0.923880 -0.382683 -0.000000 0.923880 -0.382683 -0.000000
0.923880 0.000000 0.382683 0.923880 0.000000 0.382683
polygon
0.923880 -0.382683 -0.000000 0.923880 -0.382683 -0.000000
1.000000 0.000000 -0.000000 1.000000 0.000000 -0.000000
0.923880 0.000000 0.382683 0.923880 0.000000 0.382683
polygon
-0.000000 -0.000000 -1.000000 -0.000000 -0.000000 -1.000000
-0.000000 0.382683 -0.923880 -0.000000 0.382683 -0.923880
0.382683 0.000000 -0.923880 0.382683 0.000000 -0.923880
polygon
-0.000000 -0.000000 -1.000000 -0.000000 -0.000000 -1.000000
-0.382683 -0.000000 -0.923880 -0.382683 -0.000000 -0.923880
-0.000000 0.382683 -0.923880 -0.000000 0.382683 -0.923880
polygon
-0.000000 -0.000000 -1.000000 -0.000000 -0.000000 -1.000000
0.000000 -0.382683 -0.923880 0.000000 -0.382683 -0.923880
-0.382683 -0.000000 -0.923880 -0.382683 -0.000000 -0.923880
polygon
-0.000000 -0.000000 -1.000000 -0.000000 -0.000000 -1.000000
0.382683 0.000000 -0.923880 0.382683 0.000000 -0.923880
0.000000 -0.382683 -0.923880 0.000000 -0.382683 -0.923880
polygon
0.382683 0.000000 -0.923880 0.382683 0.000000 -0.923880
0.500000 0.500000 -0.707107 0.500000 0.500000 -0.707107
0.707107 0.000000 -0.707107 0.707107 0.000000 -0.707107
polygon
-0.000000 0.382683 -0.923880 -0.000000 0.382683 -0.923880
0.500000 0.500000 -0.707107 0.500000 0.500000 -0.707107
0.382683 0.000000 -0.923880 0.382683 0.000000 -0.923880
polygon
-0.000000 0.382683 -0.923880 -0.000000 0.382683 -0.923880
-0.000000 0.707107 -0.707107 -0.000000 0.707107 -0.707107
0.500000 0.500000 -0.707107 0.500000 0.500000 -0.707107
polygon
-0.000000 0.382683 -0.923880 -0.000000 0.382683 -0.923880
-0.500000 0.500000 -0.707107 -0.500000 0.500000 -0.707107
-0.000000 0.707107 -0.707107 -0.000000 0.707107 -0.707107
polygon
-0.382683 -0.000000 -0.923880 -0.382683 -0.000000 -0.923880
-0.500000 0.500000 -0.707107 -0.500000 0.500000 -0.707107
-0.000000 0.382683 -0.923880 -0.000000 0.382683 -0.923880
polygon
-0.382683 -0.000000 -0.923880 -0.382683 -0.000000 -0.923880
-0.707107 -0.000000 -0.707107 -0.707107 -0.000000 -0.707107
-0.500000 0.500000 -0.707107 -0.500000 0.500000 -0.707107
polygon
-0.382683 -0.000000 -0.923880 -0.382683 -0.000000 -0.923880
-0.500000 -0.500000 -0.707107 -0.500000 -0.500000 -0.707107
-0.707107 -0.000000 -0.707107 -0.707107 -0.000000 -0.707107
polygon
0.000000 -0.382683 -0.923880 0.000000 -0.382683 -0.923880
-0.500000 -0.500000 -0.707107 -0.500000 -0.500000 -0.707107
-0.382683 -0.000000 -0.923880 -0.382683 -0.000000 -0.923880
polygon
0.000000 -0.382683 -0.923880 0.000000 -0.382683 -0.923880
0.000000 -0.707107 -0.707107 0.000000 -0.707107 -0.707107
-0.500000 -0.500000 -0.707107 -0.500000 -0.500000 -0.707107
polygon
0.000000 -0.382683 -0.923880 0.000000 -0.382683 -0.923880
0.500000 -0.500000 -0.707107 0.500000 -0.500000 -0.707107
0.000000 -0.707107 -0.707107 0.000000 -0.707107 -0.707107
polygon
0.382683 0.000000 -0.923880 0.382683 0.000000 -0.923880
0.500000 -0.500000 -0.707107 0.500000 -0.500000 -0.707107
0.000000 -0.382683 -0.923880 0.000000 -0.382683 -0.923880
polygon
0.382683 0.000000 -0.923880 0.382683 0.000000 -0.923880
0.707107 0.000000 -0.707107 0.707107 0.000000 -0.707107
0.500000 -0.500000 -0.707107 0.500000 -0.500000 -0.707107
polygon
0.707107 0.000000 -0.707107 0.707107 0.000000 -0.707107
0.800103 0.461940 -0.382684 0.800103 0.461940 -0.382684
0.923880 0.000000 -0.382684 0.923880 0.000000 -0.382684
polygon
0.500000 0.500000 -0.707107 0.500000 0.500000 -0.707107
0.800103 0.461940 -0.382684 0.800103 0.461940 -0.382684
0.707107 0.000000 -0.707107 0.707107 0.000000 -0.707107
polygon
0.500000 0.500000 -0.707107 0.500000 0.500000 -0.707107
0.461940 0.800103 -0.382684 0.461940 0.800103 -0.382684
0.800103 0.461940 -0.382684 0.800103 0.461940 -0.382684
polygon
-0.000000 0.707107 -0.707107 -0.000000 0.707107 -0.707107
0.461940 0.800103 -0.382684 0.461940 0.800103 -0.382684
0.500000 0.500000 -0.707107 0.500000 0.500000 -0.707107
polygon
-0.000000 0.707107 -0.707107 -0.000000 0.707107 -0.707107
-0.000000 0.923880 -0.382684 -0.000000 0.923880 -0.382684
0.461940 0.800103 -0.382684 0.461940 0.800103 -0.382684
polygon
-0.000000 0.707107 -0.707107 -0.000000 0.707107 -0.707107
-0.461940 0.800103 -0.382684 -0.461940 0.800103 -0.382684
-0.000000 0.923880 -0.382684 -0.000000 0.923880 -0.382684
polygon
-0.500000 0.500000 -0.707107 -0.500000 0.500000 -0.707107
-0.461940 0.800103 -0.382684 -0.461940 0.800103 -0.382684
-0.000000 0.707107 -0.707107 -0.000000 0.707107 -0.707107
polygon
-0.500000 0.500000 -0.707107 -0.500000 0.500000 -0.707107
-0.800103 0.461940 -0.382684 -0.800103 0.461940 -0.382684
-0.461940 0.800103 -0.382684 -0.461940 0.800103 -0.382684
polygon
-0.707107 -0.000000 -0.707107 -0.707107 -0.000000 -0.707107
-0.800103 0.461940 -0.382684 -0.800103 0.461940 -0.382684
-0.500000 0.500000 -0.707107 -0.500000 0.500000 -0.707107
polygon
-0.707107 -0.000000 -0.707107 -0.707107 -0.000000 -0.707107
-0.923880 -0.000000 -0.382684 -0.923880 -0.000000 -0.382684
-0.800103 0.461940 -0.382684 -0.800103 0.461940 -0.382684
polygon
-0.707107 -0.000000 -0.707107 -0.707107 -0.000000 -0.707107
-0.800103 -0.461940 -0.382684 -0.800103 -0.461940 -0.382684
-0.923880 -0.000000 -0.382684 -0.923880 -0.000000 -0.382684
polygon
-0.500000 -0.500000 -0.707107 -0.500000 -0.500000 -0.707107
-0.800103 -0.461940 -0.382684 -0.800103 -0.461940 -0.382684
-0.707107 -0.000000 -0.707107 -0.707107 -0.000000 -0.707107
polygon
-0.500000 -0.500000 -0.707107 -0.500000 -0.500000 -0.707107
-0.461940 -0.800103 -0.382684 -0.461940 -0.800103 -0.382684
-0.800103 -0.461940 -0.382684 -0.800103 -0.461940 -0.382684
polygon
0.000000 -0.707107 -0.707107 0.000000 -0.707107 -0.707107
-0.461940 -0.800103 -0.382684 -0.461940 -0.800103 -0.382684
-0.500000 -0.500000 -0.707107 -0.500000 -0.500000 -0.707107
polygon
0.000000 -0.707107 -0.707107 0.000000 -0.707107 -0.707107
0.000000 -0.923880 -0.382684 0.000000 -0.923880 -0.382684
-0.461940 -0.800103 -0.382684 -0.461940 -0.800103 -0.382684
polygon
0.000000 -0.707107 -0.707107 0.000000 -0.707107 -0.707107
0.461940 -0.800103 -0.382684 0.461940 -0.800103 -0.382684
0.000000 -0.923880 -0.382684 0.000000 -0.923880 -0.382684
polygon
0.500000 -0.500000 -0.707107 0.500000 -0.500000 -0.707107
0.461940 -0.800103 -0.382684 0.461940 -0.800103 -0.382684
0.000000 -0.707107 -0.707107 0.000000 -0.707107 -0.707107
polygon
0.500000 -0.500000 -0.707107 0.500000 -0.500000 -0.707107
0.800103 -0.461940 -0.382684 0.800103 -0.461940 -0.382684
0.461940 -0.800103 -0.382684 0.461940 -0.800103 -0.382684
polygon
0.707107 0.000000 -0.707107 0.707107 0.000000 -0.707107
0.800103 -0.461940 -0.382684 0.800103 -0.461940 -0.382684
0.500000 -0.500000 -0.707107 0.500000 -0.500000 -0.707107
polygon
0.707107 0.000000 -0.707107 0.707107 0.000000 -0.707107
0.923880 0.000000 -0.382684 0.923880 0.000000 -0.382684
0.800103 -0.461940 -0.382684 0.800103 -0.461940 -0.382684
polygon
0.923880 0.000000 -0.382684 0.923880 0.000000 -0.382684
0.923880 0.382683 -0.000000 0.923880 0.382683 -0.000000
1.000000 0.000000 -0.000000 1.000000 0.000000 -0.000000
polygon
0.800103 0.461940 -0.382684 0.800103 0.461940 -0.382684
0.923880 0.382683 -0.000000 0.923880 0.382683 -0.000000
0.923880 0.000000 -0.382684 0.923880 0.000000 -0.382684
polygon
0.800103 0.461940 -0.382684 0.800103 0.461940 -0.382684
0.707107 0.707107 -0.000000 0.707107 0.707107 -0.000000
0.923880 0.382683 -0.000000 0.923880 0.382683 -0.000000
polygon
0.461940 0.800103 -0.382684 0.461940 0.800103 -0.382684
0.707107 0.707107 -0.000000 0.707107 0.707107 -0.000000
0.800103 0.461940 -0.382684 0.800103 0.461940 -0.382684
polygon
0.461940 0.800103 -0.382684 0.461940 0.800103 -0.382684
0.382683 0.923880 -0.000000 0.382683 0.923880 -0.000000
0.707107 0.707107 -0.000000 0.707107 0.707107 -0.000000
polygon
-0.000000 0.923880 -0.382684 -0.000000 0.923880 -0.382684
0.382683 0.923880 -0.000000 0.382683 0.923880 -0.000000
0.461940 0.800103 -0.382684 0.461940 0.800103 -0.382684
polygon
-0.000000 0.923880 -0.382684 -0.000000 0.923880 -0.382684
-0.000000 1.000000 -0.000000 -0.000000 1.000000 -0.000000
0.382683 0.923880 -0.000000 0.382683 0.923880 -0.000000
polygon
-0.000000 0.923880 -0.382684 -0.000000 0.923880 -0.382684
-0.382684 0.923880 -0.000000 -0.382684 0.923880 -0.000000
-0.000000 1.000000 -0.000000 -0.000000 1.000000 -0.000000
polygon
-0.461940 0.800103 -0.382684 -0.461940 0.800103 -0.382684
-0.382684 0.923880 -0.000000 -0.382684 0.923880 -0.000000
-0.000000 0.923880 -0.382684 -0.000000 0.923880 -0.382684
polygon
-0.461940 0.800103 -0.382684 -0.461940 0.800103 -0.382684
-0.707107 0.707107 -0.000000 -0.707107 0.707107 -0.000000
-0.382684 0.923880 -0.000000 -0.382684 0.923880 -0.000000
polygon
-0.800103 0.461940 -0.382684 -0.800103 0.461940 -0.382684
-0.707107 0.707107 -0.000000 -0.707107 0.707107 -0.000000
-0.461940 0.800103 -0.382684 -0.461940 0.800103 -0.382684
polygon
-0.800103 0.461940 -0.382684 -0.800103 0.461940 -0.382684
-0.923880 0.382683 -0.000000 -0.923880 0.382683 -0.000000
-0.707107 0.707107 -0.000000 -0.707107 0.707107 -0.000000
polygon
-0.923880 -0.000000 -0.382684 -0.923880 -0.000000 -0.382684
-0.923880 0.382683 -0.000000 -0.923880 0.382683 -0.000000
-0.800103 0.461940 -0.382684 -0.800103 0.461940 -0.382684
polygon
-0.923880 -0.000000 -0.382684 -0.923880 -0.000000 -0.382684
-1.000000 -0.000000 -0.000000 -1.000000 -0.000000 -0.000000
-0.923880 0.382683 -0.000000 -0.923880 0.382683 -0.000000
polygon
-0.923880 -0.000000 -0.382684 -0.923880 -0.000000 -0.382684
-0.923880 -0.382683 -0.000000 -0.923880 -0.382683 -0.000000
-1.000000 -0.000000 -0.000000 -1.000000 -0.000000 -0.000000
polygon
-0.800103 -0.461940 -0.382684 -0.800103 -0.461940 -0.382684
-0.923880 -0.382683 -0.000000 -0.923880 -0.382683 -0.000000
-0.923880 -0.000000 -0.382684 -0.923880 -0.000000 -0.382684
polygon
-0.800103 -0.461940 -0.382684 -0.800103 -0.461940 -0.382684
-0.707107 -0.707107 -0.000000 -0.707107 -0.707107 -0.000000
-0.923880 -0.382683 -0.000000 -0.923880 -0.382683 -0.000000
polygon
-0.461940 -0.800103 -0.382684 -0.461940 -0.800103 -0.382684
-0.707107 -0.707107 -0.000000 -0.707107 -0.707107 -0.000000
-0.800103 -0.461940 -0.382684 -0.800103 -0.461940 -0.382684
polygon
-0.461940 -0.800103 -0.382684 -0.461940 -0.800103 -0.382684
-0.382683 -0.923880 -0.000000 -0.382683 -0.923880 -0.000000
-0.707107 -0.707107 -0.000000 -0.707107 -0.707107 -0.000000
polygon
0.000000 -0.923880 -0.382684 0.000000 -0.923880 -0.382684
-0.382683 -0.923880 -0.000000 -0.382683 -0.923880 -0.000000
-0.461940 -0.800103 -0.382684 -0.461940 -0.800103 -0.382684
polygon
0.000000 -0.923880 -0.382684 0.000000 -0.923880 -0.382684
0.000000 -1.000000 -0.000000 0.000000 -1.000000 -0.000000
-0.382683 -0.923880 -0.000000 -0.382683 -0.923880 -0.000000
polygon
0.000000 -0.923880 -0.382684 0.000000 -0.923880 -0.382684
0.382684 -0.923879 -0.000000 0.382684 -0.923879 -0.000000
0.000000 -1.000000 -0.000000 0.000000 -1.000000 -0.000000
polygon
0.461940 -0.800103 -0.382684 0.461940 -0.800103 -0.382684
0.382684 -0.923879 -0.000000 0.382684 -0.923879 -0.000000
0.000000 -0.923880 -0.382684 0.000000 -0.923880 -0.382684
polygon
0.461940 -0.800103 -0.382684 0.461940 -0.800103 -0.382684
0.707107 -0.707107 -0.000000 0.707107 -0.707107 -0.000000
0.382684 -0.923879 -0.000000 0.382684 -0.923879 -0.000000
polygon
0.800103 -0.461940 -0.382684 0.800103 -0.461940 -0.382684
0.707107 -0.707107 -0.000000 0.707107 -0.707107 -0.000000
0.461940 -0.800103 -0.382684 0.461940 -0.800103 -0.382684
polygon
0.800103 -0.461940 -0.382684 0.800103 -0.461940 -0.382684
0.923880 -0.382683 -0.000000 0.923880 -0.382683 -0.000000
0.707107 -0.707107 -0.000000 0.707107 -0.707107 -0.000000
polygon
0.923880 0.000000 -0.382684 0.923880 0.000000 -0.382684
0.923880 -0.382683 -0.000000 0.923880 -0.382683 -0.000000
0.800103 -0.461940 -0.382684 0.800103 -0.461940 -0.382684
polygon
0.923880 0.000000 -0.382684 0.923880 0.000000 -0.382684
1.000000 0.000000 -0.000000 1.000000 0.000000 -0.000000
0.923880 -0.382683 -0.000000 0.923880 -0.382683 -0.000000
